1.56082e+09
4.91297e+09
1.13121e+10
5.00929e+09
4.28757e+07
1.2118e+10
1.23491e+10
3.03398e+10
1.55575e+08
1.4284e+10
3.16288e+09
2.52787e+09
6.15561e+09
2.13654e+10
3.5777e+09
4.05383e+09
1.10684e+09
1.6281e+09
8.10677e+09
6.91161e+09
6.71676e+08
1.00366e+09
6.93121e+09
3.59349e+09
2.47738e+09
2.64522e+09
1.01059e+10
8.35478e+08
2.75986e+08
2.17594e+09
7.89701e+09
1.23521e+10
1.69217e+09
7.42034e+08
7.59039e+09
5.72314e+09
7.62708e+07
3.4069e+09
1.33299e+10
4.84744e+09
2.13459e+09
6.33732e+08
4.00304e+08
9.70078e+08
8.04831e+08
6.59237e+09
2.62651e+08
4.20324e+09
2.6984e+08
9.12019e+08
2.09507e+09
9.74097e+09
1.15354e+10
3.19297e+09
4.02875e+08
6.7287e+09
2.67224e+09
3.51824e+09
8.75368e+08
7.04132e+09
2.3293e+09
5.34166e+09
1.09024e+10
2.18848e+08
2.41159e+08
1.02162e+09
7.65302e+09
2.8566e+11
4.0808e+08
3.32304e+08
1.35597e+07
1.84919e+08
5.55365e+08
1.54298e+09
1.93206e+08
1.3633e+09
4.59672e+09
3.55701e+09
3.0261e+09
1.0461e+09
1.68869e+09
2.29681e+10
2.10042e+09
9.55925e+09
3.96077e+09
3.20977e+10
1.3308e+10
8.14315e+08
6.61825e+09
1.08031e+10
8.6182e+08
5.59143e+10
3.16033e+09
4.70163e+06
2.01723e+10
3.42652e+07
1.22265e+10
5.1341e+09
2.33639e+09
1.60692e+09
7.18538e+08
1.84361e+09
6.82399e+09
2.35414e+09
2.41802e+10
1.04214e+11
9.06927e+10
5.65541e+08
3.63562e+09
1.56184e+10
1.57092e+10
1.44886e+09
7.31834e+08
1.40097e+10
1.74236e+08
5.99773e+09
1.1356e+10
4.25912e+07
1.05219e+09
6.37322e+08
1.47501e+08
6.82831e+07
2.12595e+08
1.86417e+10
2.24606e+08
7.08533e+09
1.32674e+08
3.12714e+10
1.41263e+08
2.14912e+07
2.93411e+11
1.62544e+10
3.555e+09
6.45194e+09
4.80078e+09
5.79845e+08
9.03582e+09
7.61862e+08
7.12794e+09
2.27151e+09
7.73511e+08
2.40807e+07
8.28881e+08
4.14661e+08
4.1873e+10
1.95402e+10
1.37487e+09
1.00721e+09
1.11121e+09
3.79583e+09
3.37422e+09
9.69012e+08
2.69147e+09
6.62746e+09
1.01498e+09
2.71774e+08
3.63388e+08
1.95009e+09
1.27372e+10
1.47396e+10
1.73016e+10
2.11538e+08
3.1858e+10
3.26196e+09
6.80915e+09
4.50295e+09
8.6457e+09
1.3727e+11
3.95194e+09
3.72156e+09
2.09192e+09
1.40091e+09
1.33053e+09
5.66563e+09
4.45123e+09
1.3147e+09
7.33514e+08
7.25945e+09
2.88307e+09
4.18395e+08
1.05389e+10
3.69369e+08
1.19649e+09
4.62011e+08
5.93275e+09
1.18971e+09
3.2751e+09
1.33135e+08
1.20129e+10
4.47124e+08
1.43294e+10
4.61495e+08
1.61291e+09
2.51047e+09
7.31e+08
9.60658e+08
4.0108e+08
3.1676e+08
4.24787e+09
8.17394e+09
4.30812e+09
4.29329e+10
6.3607e+09
4.81049e+09
9.66733e+09
4.70391e+09
6.72694e+08
5.50814e+09
1.2618e+08
3.2987e+08
2.55526e+09
1.00507e+09
9.64529e+08
6.75706e+08
9.88912e+08
1.36906e+09
2.86331e+09
9.04383e+08
3.87276e+09
3.86753e+09
7.5655e+09
1.27489e+10
2.63363e+10
6.09199e+08
3.14136e+09
1.43255e+09
8.81817e+08
6.58e+08
3.27852e+08
3.80963e+09
1.13422e+08
5.66213e+09
4.63818e+07
1.22808e+09
2.95973e+09
3.1034e+09
8.01819e+06
3.91323e+09
4.63572e+10
3.6106e+07
8.16703e+09
4.20584e+08
4.73241e+09
3.72467e+08
6.24851e+09
1.09054e+09
5.1836e+08
2.42063e+09
3.59953e+09
3.06822e+08
4.07679e+09
2.15094e+09
4.13792e+08
3.38861e+09
6.30466e+09
1.36292e+09
8.74529e+08
2.36343e+09
1.06746e+10
1.8222e+09
2.95936e+09
1.25109e+09
1.30421e+09
9.68646e+09
9.53535e+09
1.1146e+10
3.52379e+09
8.24568e+09
6.0957e+08
5.46063e+09
5.21818e+09
9.205e+09
5.02896e+09
7.00623e+09
5.04939e+09
1.33265e+08
7.70288e+07
4.2428e+09
2.88981e+10
2.18333e+09
1.43472e+09
6.67759e+09
1.4161e+08
5.30487e+10
6.76493e+09
5.95008e+08
6.53448e+09
3.60059e+07
1.34828e+09
1.90872e+08
4.63842e+08
2.71229e+09
1.34291e+10
6.7827e+09
1.24691e+10
9.20532e+07
2.32731e+08
7.97623e+09
4.9082e+09
1.82906e+08
9.86968e+07
1.99928e+08
3.46487e+10
1.03902e+10
3.7194e+09
1.37057e+10
1.24272e+11
1.74273e+10
6.13948e+09
4.14345e+10
8.4387e+09
3.87415e+09
1.45907e+09
6.84917e+08
2.35616e+07
1.32279e+09
1.37584e+10
5.62283e+07
2.9305e+09
8.34704e+09
9.45957e+07
4.86195e+08
1.54572e+09
4.28293e+09
2.58945e+10
8.7319e+10
1.36399e+09
2.48632e+09
1.6459e+10
8.08055e+09
2.87567e+09
8.31376e+08
2.70253e+09
1.45866e+09
4.96246e+09
9.48162e+09
4.36665e+09
6.60778e+08
1.17316e+09
2.36495e+09
5.39807e+08
2.16792e+09
3.19486e+09
5.06204e+09
4.37944e+09
4.29092e+09
3.24455e+08
3.28405e+09
1.25465e+09
1.63526e+09
1.81535e+09
8.59694e+08
1.46572e+09
8.91928e+08
2.99269e+09
4.08428e+09
2.23876e+09
1.19278e+10
8.03098e+08
9.5384e+09
3.13159e+10
7.77437e+08
7.17166e+08
1.49735e+09
2.28133e+09
5.06615e+09
4.02524e+09
4.28471e+09
1.59961e+09
1.26868e+09
9.72057e+08
4.04395e+09
1.54351e+09
1.65986e+09
1.85599e+09
1.33666e+09
3.26865e+09
5.00432e+09
4.90956e+09
3.88439e+09
1.26543e+09
2.16327e+09
1.7764e+10
5.22431e+09
1.657e+10
1.18398e+10
4.08723e+10
2.75255e+10
4.14576e+09
2.42109e+10
3.56818e+08
5.27251e+09
5.34968e+09
4.39397e+09
8.64831e+09
2.93263e+10
6.06719e+09
5.03922e+09
5.60334e+09
1.04487e+10
3.62209e+08
1.18114e+09
9.07596e+09
1.87779e+10
5.00609e+09
4.35204e+08
1.43822e+10
3.3767e+09
3.10153e+09
4.12018e+09
8.26235e+09
7.18514e+09
1.13567e+09
4.35561e+09
4.9026e+09
4.29222e+09
4.75851e+09
1.75141e+09
6.41269e+08
1.1251e+10
1.72059e+10
2.42245e+09
7.04385e+09
3.40581e+09
7.67763e+09
2.67994e+08
9.04007e+09
3.18673e+09
1.59069e+10
4.91791e+09
2.1594e+09
1.62379e+10
2.16177e+10
4.17184e+09
1.1364e+10
2.06315e+09
1.50182e+10
4.86055e+09
3.12615e+09
6.46393e+08
9.07749e+08
8.23949e+08
6.9221e+09
9.8947e+08
6.07716e+09
8.29321e+09
2.94247e+09
7.49037e+09
5.37843e+09
4.42463e+09
3.33965e+09
3.62012e+09
9.66726e+08
1.10036e+09
2.44081e+09
3.93017e+07
9.83614e+09
1.08326e+10
1.31348e+09
2.28579e+08
6.2219e+08
7.40561e+09
2.9595e+10
8.62157e+09
4.74796e+08
6.48995e+08
1.20359e+09
2.76319e+08
5.88539e+09
3.65383e+09
6.08059e+07
4.15848e+09
9.41038e+09
1.96288e+09
3.87237e+09
5.53796e+09
4.36665e+09
7.88123e+09
1.86254e+09
1.21412e+08
5.17411e+08
3.44611e+09
5.10565e+09
1.14926e+09
1.24451e+09
1.20587e+10
4.31025e+08
2.31519e+09
2.18242e+09
3.93527e+09
3.04275e+08
9.19789e+09
2.14011e+09
9.07655e+07
9.53724e+09
1.41546e+10
3.38087e+09
1.42464e+09
2.55786e+09
3.12281e+09
1.02524e+10
5.92984e+09
4.69916e+09
5.60317e+09
4.56583e+08
1.49387e+07
4.29856e+09
2.41359e+09
2.08324e+09
7.89207e+09
2.62665e+10
4.71116e+09
8.87658e+09
1.3976e+09
1.88445e+08
5.13638e+08
3.37484e+09
9.64719e+08
2.17848e+10
1.91868e+10
3.70333e+10
1.12558e+09
9.4639e+08
2.31275e+09
4.91396e+09
5.8088e+08
4.97256e+09
3.63464e+09
1.06277e+10
8.18002e+08
1.29876e+09
1.06515e+10
6.98334e+08
1.30886e+09
2.2419e+10
3.21098e+08
2.1461e+09
2.27866e+08
3.54951e+09
1.26049e+09
1.24453e+09
1.61902e+10
1.47647e+10
5.15329e+09
2.72832e+09
7.57621e+08
1.47334e+09
4.9649e+09
5.34092e+09
1.25291e+10
1.92848e+10
4.77422e+08
8.90019e+09
8.97669e+09
2.89331e+09
7.546e+08
9.94023e+09
1.71464e+09
3.7189e+09
3.92095e+09
1.44725e+09
1.68219e+09
8.01292e+09
9.31954e+08
5.55524e+09
1.61184e+10
3.62215e+09
2.75509e+09
4.4011e+08
3.81589e+09
6.06461e+08
8.38731e+09
2.28749e+08
1.06627e+10
1.36487e+10
3.26915e+09
2.59611e+09
5.69108e+09
2.11278e+10
3.29179e+08
1.34524e+10
5.60723e+09
1.45539e+10
2.11539e+09
4.40221e+08
6.73245e+08
5.41821e+09
1.29529e+09
1.14653e+09
1.39632e+08
9.93699e+08
3.88636e+09
1.89359e+09
3.32266e+08
1.95142e+08
6.61186e+09
1.3486e+09
5.06548e+07
3.4346e+09
4.97069e+08
4.03405e+08
3.04793e+08
1.51417e+10
5.56565e+09
1.42634e+08
3.22651e+08
4.77151e+09
2.33571e+09
2.2297e+08
1.76697e+09
1.13387e+09
1.39042e+08
1.92564e+09
7.39373e+08
2.7304e+07
1.10755e+10
1.88584e+09
1.39138e+10
1.35632e+09
9.88748e+07
1.76157e+09
3.96943e+09
1.9006e+09
2.06875e+08
6.88327e+09
3.91035e+08
3.47373e+09
1.1285e+09
8.10467e+08
1.17584e+09
2.16285e+09
5.88608e+09
5.55662e+09
4.62898e+08
2.90124e+09
1.40987e+09
2.10516e+09
6.00036e+08
1.4662e+09
2.67608e+10
4.51492e+08
2.15717e+09
1.15594e+09
3.16258e+08
3.45171e+09
1.49828e+08
3.67816e+09
5.13599e+08
2.02877e+09
1.7326e+09
7.02027e+07
2.39924e+10
2.72588e+09
1.01778e+10
2.59012e+08
3.38614e+09
1.47058e+09
1.08827e+10
1.05549e+09
8.94931e+08
7.18153e+08
9.99487e+08
4.58256e+09
1.65665e+09
2.02644e+09
6.12836e+08
1.42939e+09
7.18971e+08
1.44802e+09
7.08656e+09
8.16385e+08
3.79449e+08
6.24976e+09
3.84351e+08
1.09341e+10
1.02905e+09
5.22701e+08
2.45738e+09
6.52014e+10
4.10973e+10
1.20618e+09
1.12188e+09
1.00532e+09
4.79771e+09
3.72738e+09
2.91249e+09
5.37342e+09
1.39008e+10
2.46497e+08
2.75417e+09
2.14195e+09
1.8729e+08
1.51969e+09
2.81909e+09
1.78997e+09
3.89252e+10
5.68814e+08
7.29776e+09
6.33185e+09
2.02225e+09
4.08328e+09
5.15116e+10
5.60749e+10
7.75225e+09
1.05327e+09
1.09185e+08
1.45133e+09
3.42046e+09
3.21285e+09
1.32375e+11
2.68164e+08
3.36352e+09
2.39355e+09
3.09977e+08
1.49562e+08
1.08162e+09
1.66634e+09
2.11404e+07
1.62249e+09
5.00894e+08
1.71814e+09
3.18773e+08
2.52701e+09
2.16505e+09
1.1371e+09
1.11483e+09
1.45777e+09
3.70156e+09
6.64248e+07
2.20151e+10
8.22358e+09
1.21181e+09
1.4088e+08
5.42653e+09
2.72812e+09
1.20031e+11
7.81775e+09
2.58303e+10
2.96098e+09
1.87456e+09
4.30054e+09
1.46216e+08
2.66537e+09
1.2922e+10
9.60526e+07
1.46191e+09
5.26288e+09
1.22491e+10
5.85018e+09
1.94092e+09
1.83842e+09
1.14412e+09
1.00473e+08
2.5996e+08
1.15583e+09
8.53742e+08
9.28326e+08
1.37085e+08
3.47859e+09
4.61883e+09
1.61996e+08
1.73587e+09
1.94134e+08
6.80591e+07
5.77306e+09
2.0607e+09
2.5935e+09
7.07212e+09
1.64421e+09
1.73107e+09
3.78008e+07
2.20522e+09
3.81052e+09
1.86319e+09
7.49209e+08