5.65435e+09
3.47526e+07
3.24371e+08
1.30671e+08
1.23795e+09
1.56571e+08
3.24009e+09
1.85367e+09
1.12208e+09
1.47074e+09
3.65496e+07
1.41607e+07
1.36962e+07
1.55584e+10
4.73226e+09
1.06405e+07
5.06076e+06
3.34746e+08
2.66598e+09
1.22686e+09
7.9593e+08
2.61395e+07
7.45573e+07
1.59982e+09
1.66338e+09
9.75934e+08
1.11194e+10
2.2289e+08
7.27116e+09
9.41288e+08
1.77652e+08
7.42364e+08
4.48899e+08
1.46377e+09
4.29603e+08
2.08409e+06
8.05928e+08
1.70696e+08
1.78369e+10
6.15095e+07
1.60504e+09
6.26334e+08
8.91266e+06
8.56904e+07
7.75231e+07
1.16907e+07
3.09562e+08
2.23245e+08
7.14417e+07
2.65613e+08
5.83594e+09
5.90392e+08
3.10321e+08
3.22532e+10
5.5593e+08
1.50902e+09
129537
1.88157e+06
3.07065e+06
825339
158875
8.87623e+07
3.07148e+10
2.03371e+08
1.32611e+09
5.93808e+09
2.41106e+09
3.22189e+09
2.68015e+07
1.76532e+06
3.82164e+11
1.15499e+07
8.15876e+08
5.24181e+08
4.84915e+10
6.12702e+10
4.4104e+10
4.81202e+07
1.91878e+10
9.61949e+09
2.78711e+10
1.27269e+09
3.85722e+11
6.90634e+09
2.55623e+08
1.57439e+09
1.41633e+11
1.41033e+10
2.9382e+08
8.06024e+08
4.25684e+09
2.51667e+09
1.78416e+08
2.55859e+09
4.52459e+08
9.49913e+10
6.82315e+08
8.91822e+09
8.07755e+09
3.50014e+10
8.65849e+08
4.68133e+07
1.04821e+10
6.12301e+10
7.95205e+10
5.26909e+09
6.40678e+10
3.20786e+08
1.98218e+09
7.34471e+06
2.9152e+10
1.78836e+09
1.35628e+10
2.56353e+09
3.27234e+08
6.9646e+07
5.62897e+10
1.31047e+11
5.115e+09
8.50596e+08
1.00068e+10
8.52975e+10
3.01085e+10
4.86855e+11
4.10479e+10
1.00185e+11
4.03316e+09
3.90968e+10
2.77345e+11
4.69979e+08
2.43906e+11
9.63132e+07
9.85628e+09
4.16995e+09
2.93562e+10
7.9112e+10
2.0946e+09
2.05816e+11
3.99696e+09
7.0818e+09
2.62966e+09
7.62497e+08
9.17418e+08
2.07961e+09
1.66422e+11
4.95514e+10
3.14515e+10
2.25302e+10
1.16165e+10
1.0116e+11
1.42915e+09
1.86775e+07
1.19977e+10
8.61754e+09
7.16092e+10
1.34586e+10
2.56631e+06
1.25692e+09
4.42384e+06
1.31792e+09
1.90691e+08
1.02138e+09
2.44848e+08
2.68293e+08
2.07196e+08
2.45935e+11
5.64505e+09
1.2533e+09
1.54145e+08
7.14538e+07
4.35243e+09
5.65306e+07
3.62202e+08
4.24145e+09
3.71003e+09
2.74987e+08
1.37344e+09
5.59819e+07
6.25378e+07
1.46184e+11
4.92108e+06
9.90088e+08
2.19635e+09
2.69983e+09
1.2362e+07
1.13229e+07
3.77827e+09
1.24964e+07
6.78998e+11
1.31229e+08
1.97181e+08
1.25728e+07
5.88776e+10
6.30589e+06
4.61644e+08
9.04638e+07
5.40565e+06
3.25296e+07
1.4367e+08
8.94038e+06
3.58229e+08
962823
540526
1.60811e+07
1.37035e+10
1.24375e+06
2.71129e+07
1.53133e+09
1.42675e+08
7.84852e+07
1.51682e+07
2.30965e+07
2.69813e+08
6.0006e+07
1.27354e+06
5.63639e+07
2.58335e+10
9.76358e+08
5.81474e+10
1.71779e+10
1.25674e+10
5.58276e+09
6.70871e+07
5.3058e+08
5.54205e+09
1.1134e+09
4.29493e+08
2.10186e+09
2.66271e+10